Saga,parent,StartonChapter,Chapters,Pages
Origin,,,,
East Blue,Origin,1,101,1994
Alabasta,Origin,102,117,2231
Skypiea,Origin,219,85,1600
Water 7/Enies Lobby,Origin,304,138,2618
Thriller Bark,Origin,442,49,929
Summit War,Origin,491,107,1963
Fishman Island,Origin,598,56,1031
Punk Hazard,Origin,654,46,856
Dressrosa,Origin,700,102,1830
Zou,Origin,802,21,361
Whole Cake Island,Origin,823,86,1485
Wano Country,Origin,909,149,2564
